0
0.000
0.070 0.020 0.005
0.010 0.005 0.000

# pos_config
zone_a=8000.0
zone_b=4000.0
zone_c=500.0
scale_a=60.000
scale_b=80.000
scale_c=200.000
scale_d=120.000
vel_scale_stop=500.000
vel_scale_move=70.000
vel_scale_turning=70.000
stopped_vel=5.0
max_correction=4.000
max_angle_rate=0.500
back_to_spot=1.0

# motor_config
mode=0
qpps_max=2500
accel_qpps=5000
pol_l=-1.0
pol_r=-1.0
enc_pol_l=-1.0
enc_pol_r=-1.0
claw_kp=1.000000
claw_ki=0.500000
claw_kd=0.250000
baud=460800
