0
0.000
0.050 0.010 0.005
0.100 0.100 0.005
0.010 0.010 0.000

# pos_config
zone_a=8000
zone_b=4000
zone_c=1000
scale_a=600.000
scale_b=800.000
scale_c=1000.000
scale_d=500.000
vel_scale_stop=60.000
vel_scale_move=70.000
vel_scale_turning=70.000
stopped_vel=100
max_correction=0.15000
max_angle_rate=0.02000
back_to_spot=1

# motor_config
mode=0
qpps_max=2500
accel_qpps=5000
pol_l=1.0
pol_r=-1.0
enc_pol_l=1.0
enc_pol_r=-1.0
